216
191
1602
184
275
182
181
188
8549
12182

13479
199


12990
198
219
2962
2858
2124
51040
193
465
194
197
194
197

after omp
193
193
210
192
210
194
192
203
195
209
208
209
209
193
193
1114
1104
1138
1092
1229
196
191
183
176
210
199
176
185
1112
962
1040
964
1027
1072
934
1066
989
1001
1065
943
907
1034
1025
1020
1018
943
1046
984
1042
1093
1109
198
208
172
173
175
196
188
173
187
188
195
196
171
208


200
197
182
181
182
170
172
185
182
180
181
197
182
194
196
195
195
195
195
197
197
10091
182
195
181
182
182
181
181
198
180
182
181
182
198
180
180
181
181
180
185
180
180
183
179
184
182
181
180
197
7806
180
195
197
1382
181
182
182
198
256
182
198
185
193
554
182
197
1958
2595
6842
182
182
182
181
181
1426
199
181
197
208
198
181
179
197
180
181
180
198
180
197
181
183
180
183
181
181
183
196
180
198
180
1967
198
197
181
196
182
198
181
197
181
181
180
197
183
182
187
181
181
181
197
232
196
181
197
181
196
202
195
181
181
182
180
196
185
282
180
196
196
182
194
180
196
195
196
181
181
197
197
195
