44
39
355
38
36
34
30
35
942
1800

1882
37
1939


1810
39
44
65987
28109
1135
43417
43
1174
43
42
42
42


after omp
43
43
54
42
52
52
43
45
43
43
53
52
43
42
43
443
450
440
443
447
44
53
43
52
53
53
51
53
438
447
440
439
440
448
436
444
446
443
443
439
443
441
443
435
432
433
444
443
439
430
442
52
52
52
43
51
52
49
51
53
52
52
53
42
53


53
44
43
43
43
51
42
56
53
43
44
44
44
43
44
52
53
52
52
52
52
2040
44
44
42
43
44
43
43
44
42
43
43
44
44
43
43
43
43
42
44
43
44
43
42
44
42
42
43
43
1194
42
44
44
1158
43
429
42
44
675
43
44
51
43
1170
43
44
1190
1170
1178
42
43
44
43
42
461
44
43
44
44
44
43
43
44
42
43
44
44
43
43
44
43
43
43
42
44
42
43
42
44
43
1174
44
44
43
44
42
44
43
43
43
43
42
44
43
43
43
43
43
43
53
43
44
44
44
42
44
43
44
43
43
43
45
44
43
50
43
44
52
43
44
44
53
44
44
43
44
44
42
52
