21
20
22
38
23
26
35
22
17
23

44
21


24
22

21
22
21
22
21
21


after omp
21
21
21
22
22
24
22
23
21
21
21
22
21
21
21
374
377
397
554
384
20
14
19
18
20
19
18
18
334
327
321
318
318
377
316
324
334
314
329
317
314
324
315
316
316
316
322
317
316
379
377
21
21
18
18
19
20
18
18
18
18
20
20
18
22


20
20
19
20
20
18
18
18
20
20
19
19
20
19
20
20
20
20
19
20
20
24
19
19
19
19
20
20
19
20
20
20
20
19
19
19
20
20
19
19
19
20
20
20
20
20
20
20
20
20
21
51
23
59
59
52
110
53
57
23
20
53
54
54
52
53
61
53
58
4479
54
51
51
50
52
1164
51
52
55
61
49
50
51
55
50
51
51
59
51
60
52
51
51
51
51
52
50
60
51
20
20
20
25
22
20
19
20
19
18
