77603
76373
313955
76161
76646
75870
245206
2132441


8137608


6042753
1606560
71636
937180
76955 combine


68078 + 8088 separate


after omp
10448
10697
131268
128813
132388


324
2720482
321
11155
10774
11128
10704
94041
104011
96742
89832
93008
324
325
322
2852
2825
3012
2836
3204
3244
3236
2826
2849
2822
336
327
316
312
308
314
357
323
332
323
325


15400
11414
325
329
327
329
337
332
128285

353
349
335
322
320
308
314
344
352
11207
11221
2433544
2092715
349
352
355
352
344
368
363
360
1717
350
351
345
348
368
179
176
202
177
178
176
186
185
179
177
178
177
178
179
178
179
177
188
177
177
187
175
195
15166
84
284
101
95
84
167
103
112
125
110
110
223
186
186
187
246
197
271
349
216
206
211
212
209
185
222
216
187
206
186
211
178
231
212
183
215
267
209
227
228
215
216
236
215
215
76
90
75
11590
11803
